2
17
4  0 0 40  0 30 40  60 30 40  60 0 40
10  0 0 30  0 30 30  60 30 30  60 0 30  10 0 30  10 10 30  40 10 30  40 20 30  10 20 30  10 0 30
6  0 0 10  0 20 10  10 20 10  10 10 10  40 10 10  40 0 10
6  0 20 10  0 30 10  50 30 10  50 0 10  40 0 10  40 30 10
4  0 0 0  0 30 0  50 30 0  50 0 0
4  0 0 40  60 0 40  60 0 30  0 0 30
4  10 10 30  40 10 30  40 10 10  10 10 10
4  0 0 10  50 0 10  50 0 0  0 0 0
4  0 30 40  60 30 40  60 30 30  0 30 30
4  10 20 30  40 20 30  40 20 10  10 20 10
4  0 30 10  50 30 10  50 30 0  0 30 0
4  0 0 40  0 30 40  0 30 30  0 0 30
4  10 10 30  10 20 30  10 20 10  10 10 10
4  0 0 10  0 30 10  0 30 0  0 0 0
4  60 0 40  60 30 40  60 30 30  60 0 30
4  40 10 30  40 20 30  40 20 10  40 10 10
4  50 0 10  50 30 10  50 30 0  50 0 0
23
4  0 0 60  0 30 60  60 30 60  60 0 60
4  10 10 50  10 20 50  40 20 50  40 10 50
4  10 10 40  10 20 40  40 20 40  40 10 40
10  0 0 30  0 30 30  60 30 30  60 0 30  10 0 30  10 10 30  40 10 30  40 20 30  10 20 30  10 0 30
6  0 0 10  0 20 10  10 20 10  10 10 10  40 10 10  40 0 10
6  0 20 10  0 30 10  50 30 10  50 0 10  40 0 10  40 30 10
4  0 0 0  0 30 0  50 30 0  50 0 0
4  0 0 60  60 0 60  60 0 30  0 0 30
4  10 10 50  40 10 50  40 10 40  10 10 40
4  10 10 30  40 10 30  40 10 10  10 10 10
4  0 0 10  50 0 10  50 0 0  0 0 0
4  0 30 60  60 30 60  60 30 30  0 30 30
4  10 20 50  40 20 50  40 20 40  10 20 40
4  10 20 30  40 20 30  40 20 10  10 20 10
4  0 30 10  50 30 10  50 30 0  0 30 0
4  0 0 60  0 30 60  0 30 30  0 0 30
4  10 10 50  10 20 50  10 20 40  10 10 40
4  10 10 30  10 20 30  10 20 10  10 10 10
4  0 0 10  0 30 10  0 30 0  0 0 0
4  60 0 60  60 30 60  60 30 30  60 0 30
4  40 10 50  40 20 50  40 20 40  40 10 40
4  40 10 30  40 20 30  40 20 10  40 10 10
4  50 0 10  50 30 10  50 30 0  50 0 0
